-0.653213 0 0
-0.977724 0 0
-1.16137 0 0
-1.29003 0 0
-1.38917 0 0
-1.46982 0 0
-1.53782 0 0
-1.5966 0 0
-1.64836 0 0
-1.69461 0 0
-1.7364 0 0
-1.77452 0 0
-1.80956 0 0
-1.84198 0 0
-1.87216 0 0
-1.90037 0 0
-1.92686 0 0
-1.95182 0 0
-1.97543 0 0
-1.99782 0 0
-2.01912 0 0
-2.03941 0 0
-2.05881 0 0
-2.07737 0 0
-2.09517 0 0
-2.11227 0 0
-2.12872 0 0
-2.14457 0 0
-2.15987 0 0
-2.17464 0 0
-2.18893 0 0
-2.20276 0 0
-2.21617 0 0
-2.22917 0 0
-2.2418 0 0
-2.25406 0 0
-2.266 0 0
-2.27761 0 0
-2.28892 0 0
-2.29994 0 0
-2.31069 0 0
-2.32118 0 0
-2.33143 0 0
-2.34143 0 0
-2.35122 0 0
-2.36078 0 0
-2.37014 0 0
-2.37931 0 0
-2.38828 0 0
-2.39707 0 0
-2.40569 0 0
-2.41414 0 0
-2.42243 0 0
-2.43056 0 0
-2.43854 0 0
-2.44638 0 0
-2.45408 0 0
-2.46165 0 0
-2.46909 0 0
-2.4764 0 0
-2.48359 0 0
-2.49066 0 0
-2.49762 0 0
-2.50447 0 0
-2.51121 0 0
-2.51786 0 0
-2.5244 0 0
-2.53084 0 0
-2.53719 0 0
-2.54345 0 0
-2.54962 0 0
-2.5557 0 0
-2.5617 0 0
-2.56761 0 0
-2.57345 0 0
-2.57921 0 0
-2.5849 0 0
-2.59051 0 0
-2.59605 0 0
-2.60152 0 0
-2.60692 0 0
-2.61225 0 0
-2.61752 0 0
-2.62273 0 0
-2.62788 0 0
-2.63296 0 0
-2.63799 0 0
-2.64296 0 0
-2.64787 0 0
-2.65273 0 0
-2.65753 0 0
-2.66229 0 0
-2.66699 0 0
-2.67164 0 0
-2.67624 0 0
-2.68079 0 0
-2.68529 0 0
-2.68975 0 0
-2.69417 0 0
-2.69854 0 0
-2.70286 0 0
-2.70714 0 0
-2.71139 0 0
-2.71559 0 0
-2.71975 0 0
-2.72387 0 0
-2.72795 0 0
-2.73199 0 0
-2.736 0 0
-2.73997 0 0
-2.7439 0 0
-2.7478 0 0
-2.75166 0 0
-2.75549 0 0
-2.75929 0 0
-2.76305 0 0
-2.76678 0 0
-2.77048 0 0
-2.77415 0 0
-2.77779 0 0
-2.7814 0 0
-2.78497 0 0
-2.78852 0 0
-2.79204 0 0
-2.79553 0 0
-2.799 0 0
-2.80243 0 0
-2.80584 0 0
-2.80922 0 0
-2.81258 0 0
-2.81591 0 0
-2.81921 0 0
-2.82249 0 0
-2.82575 0 0
-2.82898 0 0
-2.83219 0 0
-2.83537 0 0
-2.83853 0 0
-2.84167 0 0
-2.84479 0 0
-2.84788 0 0
-2.85095 0 0
-2.854 0 0
-2.85703 0 0
-2.86004 0 0
-2.86303 0 0
-2.86599 0 0
-2.86894 0 0
-2.87186 0 0
-2.87477 0 0
-2.87766 0 0
-2.88053 0 0
-2.88338 0 0
-2.88621 0 0
-2.88902 0 0
-2.89182 0 0
-2.89459 0 0
-2.89735 0 0
-2.90009 0 0
-2.90282 0 0
-2.90553 0 0
-2.90822 0 0
-2.91089 0 0
-2.91355 0 0
-2.91619 0 0
-2.91882 0 0
-2.92143 0 0
-2.92402 0 0
-2.9266 0 0
-2.92916 0 0
-2.93171 0 0
-2.93425 0 0
-2.93676 0 0
-2.93927 0 0
-2.94176 0 0
-2.94424 0 0
-2.9467 0 0
-2.94915 0 0
-2.95158 0 0
-2.954 0 0
-2.95641 0 0
-2.9588 0 0
-2.96118 0 0
-2.96355 0 0
-2.96591 0 0
-2.96825 0 0
-2.97058 0 0
-2.9729 0 0
-2.9752 0 0
-2.97749 0 0
-2.97978 0 0
-2.98204 0 0
-2.9843 0 0
-2.98655 0 0
-2.98878 0 0
-2.991 0 0
-2.99322 0 0
-2.99542 0 0
-2.9976 0 0
-2.99978 0 0
-3.00195 0 0
-3.00411 0 0
-3.00625 0 0
-3.00839 0 0
-3.01051 0 0
-3.01263 0 0
-3.01473 0 0
-3.01682 0 0
-3.01891 0 0
-3.02098 0 0
-3.02305 0 0
-3.0251 0 0
-3.02715 0 0
-3.02918 0 0
-3.03121 0 0
-3.03322 0 0
-3.03523 0 0
-3.03723 0 0
-3.03922 0 0
-3.0412 0 0
-3.04317 0 0
-3.04513 0 0
-3.04708 0 0
-3.04902 0 0
-3.05096 0 0
-3.05289 0 0
-3.0548 0 0
-3.05671 0 0
-3.05862 0 0
-3.06051 0 0
-3.06239 0 0
-3.06427 0 0
-3.06614 0 0
-3.068 0 0
-3.06985 0 0
-3.0717 0 0
-3.07354 0 0
-3.07536 0 0
-3.07719 0 0
-3.079 0 0
-3.08081 0 0
-3.08261 0 0
-3.0844 0 0
-3.08618 0 0
-3.08796 0 0
-3.08973 0 0
-3.09149 0 0
-3.09325 0 0
-3.09499 0 0
-3.09674 0 0
-3.09847 0 0
-3.1002 0 0
-3.10192 0 0
-3.10363 0 0
-3.10534 0 0
-3.10704 0 0
-3.10873 0 0
-3.11042 0 0
-3.1121 0 0
-3.11378 0 0
-3.11544 0 0
-3.11711 0 0
-3.11876 0 0
-3.12041 0 0
-3.12205 0 0
-3.12369 0 0
-3.12532 0 0
-3.12694 0 0
-3.12856 0 0
-3.13017 0 0
-3.13178 0 0
-3.13338 0 0
-3.13497 0 0
-3.13656 0 0
-3.13814 0 0
-3.13972 0 0
-3.14129 0 0
-3.14286 0 0
-3.14442 0 0
-3.14597 0 0
-3.14752 0 0
-3.14907 0 0
-3.1506 0 0
-3.15214 0 0
-3.15366 0 0
-3.15518 0 0
-3.1567 0 0
-3.15821 0 0
-3.15972 0 0
-3.16122 0 0
-3.16271 0 0
-3.1642 0 0
-3.16569 0 0
-3.16717 0 0
-3.16864 0 0
-3.17011 0 0
-3.17158 0 0
-3.17304 0 0
-3.1745 0 0
-3.17595 0 0
-3.17739 0 0
-3.17883 0 0
-3.18027 0 0
-3.1817 0 0
-3.18313 0 0
-3.18455 0 0
-3.18597 0 0
-3.18738 0 0
-3.18879 0 0
-3.19019 0 0
-3.19159 0 0
-3.19299 0 0
-3.19438 0 0
-3.19576 0 0
-3.19714 0 0
-3.19852 0 0
-3.19989 0 0
-3.20126 0 0
-3.20262 0 0
-3.20398 0 0
-3.20534 0 0
-3.20669 0 0
-3.20804 0 0
-3.20938 0 0
-3.21072 0 0
-3.21205 0 0
-3.21338 0 0
-3.21471 0 0
-3.21603 0 0
-3.21735 0 0
-3.21867 0 0
-3.21998 0 0
-3.22128 0 0
-3.22259 0 0
-3.22389 0 0
-3.22518 0 0
-3.22647 0 0
-3.22776 0 0
-3.22904 0 0
-3.23032 0 0
-3.2316 0 0
-3.23287 0 0
-3.23414 0 0
-3.2354 0 0
-3.23666 0 0
-3.23792 0 0
-3.23917 0 0
-3.24042 0 0
-3.24167 0 0
-3.24291 0 0
-3.24415 0 0
-3.24539 0 0
-3.24662 0 0
-3.24785 0 0
-3.24908 0 0
-3.2503 0 0
-3.25152 0 0
-3.25273 0 0
-3.25394 0 0
-3.25515 0 0
-3.25636 0 0
-3.25756 0 0
-3.25876 0 0
-3.25995 0 0
-3.26114 0 0
-3.26233 0 0
-3.26352 0 0
-3.2647 0 0
-3.26588 0 0
-3.26705 0 0
-3.26823 0 0
-3.2694 0 0
-3.27056 0 0
-3.27173 0 0
-3.27289 0 0
-3.27404 0 0
-3.2752 0 0
-3.27635 0 0
-3.27749 0 0
-3.27864 0 0
-3.27978 0 0
-3.28092 0 0
-3.28206 0 0
-3.28319 0 0
-3.28432 0 0
-3.28544 0 0
-3.28657 0 0
-3.28769 0 0
-3.28881 0 0
-3.28992 0 0
-3.29104 0 0
-3.29215 0 0
-3.29325 0 0
-3.29436 0 0
-3.29546 0 0
-3.29656 0 0
-3.29765 0 0
-3.29874 0 0
-3.29983 0 0
-3.30092 0 0
-3.30201 0 0
-3.30309 0 0
-3.30417 0 0
-3.30524 0 0
-3.30632 0 0
-3.30739 0 0
-3.30846 0 0
-3.30952 0 0
-3.31059 0 0
-3.31165 0 0
-3.31271 0 0
-3.31376 0 0
-3.31481 0 0
-3.31587 0 0
-3.31691 0 0
-3.31796 0 0
-3.319 0 0
-3.32004 0 0
-3.32108 0 0
-3.32212 0 0
-3.32315 0 0
-3.32418 0 0
-3.32521 0 0
-3.32623 0 0
-3.32726 0 0
-3.32828 0 0
-3.3293 0 0
-3.33031 0 0
-3.33133 0 0
-3.33234 0 0
-3.33335 0 0
-3.33435 0 0
-3.33536 0 0
-3.33636 0 0
-3.33736 0 0
-3.33836 0 0
-3.33935 0 0
-3.34034 0 0
-3.34134 0 0
-3.34232 0 0
-3.34331 0 0
-3.34429 0 0
-3.34528 0 0
-3.34626 0 0
-3.34723 0 0
-3.34821 0 0
-3.34918 0 0
-3.35015 0 0
-3.35112 0 0
-3.35209 0 0
-3.35305 0 0
-3.35401 0 0
-3.35497 0 0
-3.35593 0 0
-3.35689 0 0
-3.35784 0 0
-3.35879 0 0
-3.35974 0 0
-3.36069 0 0
-3.36163 0 0
-3.36258 0 0
-3.36352 0 0
-3.36446 0 0
-3.36539 0 0
-3.36633 0 0
-3.36726 0 0
-3.36819 0 0
-3.36912 0 0
-3.37005 0 0
-3.37098 0 0
-3.3719 0 0
-3.37282 0 0
-3.37374 0 0
-3.37466 0 0
-3.37557 0 0
-3.37649 0 0
-3.3774 0 0
-3.37831 0 0
-3.37921 0 0
-3.38012 0 0
-3.38102 0 0
-3.38193 0 0
-3.38283 0 0
-3.38373 0 0
-3.38462 0 0
-3.38552 0 0
-3.38641 0 0
-3.3873 0 0
-3.38819 0 0
-3.38908 0 0
-3.38996 0 0
-3.39085 0 0
-3.39173 0 0
-3.39261 0 0
-3.39349 0 0
-3.39436 0 0
-3.39524 0 0
-3.39611 0 0
-3.39698 0 0
-3.39785 0 0
-3.39872 0 0
-3.39959 0 0
-3.40045 0 0
-3.40131 0 0
-3.40218 0 0
-3.40303 0 0
-3.40389 0 0
-3.40475 0 0
-3.4056 0 0
-3.40646 0 0
-3.40731 0 0
-3.40816 0 0
-3.409 0 0
-3.40985 0 0
-3.41069 0 0
-3.41154 0 0
-3.41238 0 0
-3.41322 0 0
-3.41405 0 0
-3.41489 0 0
-3.41572 0 0
-3.41656 0 0
-3.41739 0 0
-3.41822 0 0
-3.41905 0 0
-3.41987 0 0
-3.4207 0 0
-3.42152 0 0
-3.42234 0 0
-3.42316 0 0
-3.42398 0 0
-3.4248 0 0
-3.42562 0 0
-3.42643 0 0
-3.42724 0 0
-3.42805 0 0
-3.42886 0 0
-3.42967 0 0
-3.43048 0 0
-3.43128 0 0
-3.43209 0 0
-3.43289 0 0
-3.43369 0 0
-3.43449 0 0
-3.43529 0 0
-3.43608 0 0
-3.43688 0 0
-3.43767 0 0
-3.43846 0 0
-3.43925 0 0
-3.44004 0 0
-3.44083 0 0
-3.44162 0 0
-3.4424 0 0
-3.44318 0 0
-3.44397 0 0
-3.44475 0 0
-3.44553 0 0
-3.4463 0 0
-3.44708 0 0
-3.44786 0 0
-3.44863 0 0
-3.4494 0 0
-3.45017 0 0
-3.45094 0 0
-3.45171 0 0
-3.45248 0 0
-3.45324 0 0
-3.45401 0 0
-3.45477 0 0
-3.45553 0 0
-3.45629 0 0
-3.45705 0 0
-3.45781 0 0
-3.45856 0 0
-3.45932 0 0
-3.46007 0 0
-3.46082 0 0
-3.46157 0 0
-3.46232 0 0
-3.46307 0 0
-3.46382 0 0
-3.46456 0 0
-3.46531 0 0
-3.46605 0 0
-3.46679 0 0
-3.46753 0 0
-3.46827 0 0
-3.46901 0 0
-3.46975 0 0
-3.47048 0 0
-3.47122 0 0
-3.47195 0 0
-3.47268 0 0
-3.47341 0 0
-3.47414 0 0
-3.47487 0 0
-3.4756 0 0
-3.47632 0 0
-3.47705 0 0
-3.47777 0 0
-3.47849 0 0
-3.47922 0 0
-3.47994 0 0
-3.48065 0 0
-3.48137 0 0
-3.48209 0 0
-3.4828 0 0
-3.48352 0 0
-3.48423 0 0
-3.48494 0 0
-3.48565 0 0
-3.48636 0 0
-3.48707 0 0
-3.48777 0 0
-3.48848 0 0
-3.48918 0 0
-3.48989 0 0
-3.49059 0 0
-3.49129 0 0
-3.49199 0 0
-3.49269 0 0
-3.49339 0 0
-3.49408 0 0
-3.49478 0 0
-3.49547 0 0
-3.49617 0 0
-3.49686 0 0
-3.49755 0 0
-3.49824 0 0
-3.49893 0 0
-3.49962 0 0
-3.50031 0 0
-3.50099 0 0
-3.50168 0 0
-3.50236 0 0
-3.50304 0 0
-3.50372 0 0
-3.5044 0 0
-3.50508 0 0
-3.50576 0 0
-3.50644 0 0
-3.50711 0 0
-3.50779 0 0
-3.50846 0 0
-3.50914 0 0
-3.50981 0 0
-3.51048 0 0
-3.51115 0 0
-3.51182 0 0
-3.51248 0 0
-3.51315 0 0
-3.51382 0 0
-3.51448 0 0
-3.51514 0 0
-3.51581 0 0
-3.51647 0 0
-3.51713 0 0
-3.51779 0 0
-3.51845 0 0
-3.51911 0 0
-3.51976 0 0
-3.52042 0 0
-3.52107 0 0
-3.52173 0 0
-3.52238 0 0
-3.52303 0 0
-3.52368 0 0
-3.52433 0 0
-3.52498 0 0
-3.52563 0 0
-3.52627 0 0
-3.52692 0 0
-3.52757 0 0
-3.52821 0 0
-3.52885 0 0
-3.52949 0 0
-3.53014 0 0
-3.53078 0 0
-3.53142 0 0
-3.53205 0 0
-3.53269 0 0
-3.53333 0 0
-3.53396 0 0
-3.5346 0 0
-3.53523 0 0
-3.53586 0 0
-3.5365 0 0
-3.53713 0 0
-3.53776 0 0
-3.53839 0 0
-3.53901 0 0
-3.53964 0 0
-3.54027 0 0
-3.54089 0 0
-3.54152 0 0
-3.54214 0 0
-3.54276 0 0
-3.54339 0 0
-3.54401 0 0
-3.54463 0 0
-3.54525 0 0
-3.54586 0 0
-3.54648 0 0
-3.5471 0 0
-3.54771 0 0
-3.54833 0 0
-3.54894 0 0
-3.54955 0 0
-3.55017 0 0
-3.55078 0 0
-3.55139 0 0
-3.552 0 0
-3.55261 0 0
-3.55322 0 0
-3.55382 0 0
-3.55443 0 0
-3.55503 0 0
-3.55564 0 0
-3.55624 0 0
-3.55685 0 0
-3.55745 0 0
-3.55805 0 0
-3.55865 0 0
-3.55925 0 0
-3.55985 0 0
-3.56044 0 0
-3.56104 0 0
-3.56164 0 0
-3.56223 0 0
-3.56283 0 0
-3.56342 0 0
-3.56401 0 0
-3.56461 0 0
-3.5652 0 0
-3.56579 0 0
-3.56638 0 0
-3.56697 0 0
-3.56756 0 0
-3.56814 0 0
-3.56873 0 0
-3.56932 0 0
-3.5699 0 0
-3.57048 0 0
-3.57107 0 0
-3.57165 0 0
-3.57223 0 0
-3.57281 0 0
-3.57339 0 0
-3.57397 0 0
-3.57455 0 0
-3.57513 0 0
-3.57571 0 0
-3.57628 0 0
-3.57686 0 0
-3.57743 0 0
-3.57801 0 0
-3.57858 0 0
-3.57915 0 0
-3.57973 0 0
-3.5803 0 0
-3.58087 0 0
-3.58144 0 0
-3.58201 0 0
-3.58257 0 0
-3.58314 0 0
-3.58371 0 0
-3.58427 0 0
-3.58484 0 0
-3.5854 0 0
-3.58597 0 0
-3.58653 0 0
-3.58709 0 0
-3.58765 0 0
-3.58822 0 0
-3.58878 0 0
-3.58934 0 0
-3.58989 0 0
-3.59045 0 0
-3.59101 0 0
-3.59157 0 0
-3.59212 0 0
-3.59268 0 0
-3.59323 0 0
-3.59378 0 0
-3.59434 0 0
-3.59489 0 0
-3.59544 0 0
-3.59599 0 0
-3.59654 0 0
-3.59709 0 0
-3.59764 0 0
-3.59819 0 0
-3.59874 0 0
-3.59928 0 0
-3.59983 0 0
-3.60037 0 0
-3.60092 0 0
-3.60146 0 0
-3.60201 0 0
-3.60255 0 0
-3.60309 0 0
-3.60363 0 0
-3.60417 0 0
-3.60471 0 0
-3.60525 0 0
-3.60579 0 0
-3.60633 0 0
-3.60686 0 0
-3.6074 0 0
-3.60794 0 0
-3.60847 0 0
-3.60901 0 0
-3.60954 0 0
-3.61007 0 0
-3.61061 0 0
-3.61114 0 0
-3.61167 0 0
-3.6122 0 0
-3.61273 0 0
-3.61326 0 0
-3.61379 0 0
-3.61432 0 0
-3.61484 0 0
-3.61537 0 0
-3.6159 0 0
-3.61642 0 0
-3.61695 0 0
-3.61747 0 0
-3.618 0 0
-3.61852 0 0
-3.61904 0 0
-3.61956 0 0
-3.62008 0 0
-3.6206 0 0
-3.62112 0 0
-3.62164 0 0
-3.62216 0 0
-3.62268 0 0
-3.6232 0 0
-3.62371 0 0
-3.62423 0 0
-3.62475 0 0
-3.62526 0 0
-3.62578 0 0
-3.62629 0 0
-3.6268 0 0
-3.62731 0 0
-3.62783 0 0
-3.62834 0 0
-3.62885 0 0
-3.62936 0 0
-3.62987 0 0
-3.63038 0 0
-3.63089 0 0
-3.63139 0 0
-3.6319 0 0
-3.63241 0 0
-3.63291 0 0
-3.63342 0 0
-3.63392 0 0
-3.63443 0 0
-3.63493 0 0
-3.63543 0 0
-3.63594 0 0
-3.63644 0 0
-3.63694 0 0
-3.63744 0 0
-3.63794 0 0
-3.63844 0 0
-3.63894 0 0
-3.63944 0 0
-3.63993 0 0
-3.64043 0 0
-3.64093 0 0
-3.64142 0 0
-3.64192 0 0
-3.64242 0 0
-3.64291 0 0
-3.6434 0 0
-3.6439 0 0
-3.64439 0 0
-3.64488 0 0
-3.64537 0 0
-3.64586 0 0
-3.64635 0 0
-3.64684 0 0
-3.64733 0 0
-3.64782 0 0
-3.64831 0 0
-3.6488 0 0
-3.64929 0 0
-3.64977 0 0
-3.65026 0 0
-3.65074 0 0
-3.65123 0 0
-3.65171 0 0
-3.6522 0 0
-3.65268 0 0
-3.65316 0 0
-3.65365 0 0
-3.65413 0 0
-3.65461 0 0
-3.65509 0 0
-3.65557 0 0
-3.65605 0 0
-3.65653 0 0
-3.65701 0 0
-3.65749 0 0
-3.65796 0 0
-3.65844 0 0
-3.65892 0 0
-3.65939 0 0
-3.65987 0 0
-3.66034 0 0
-3.66082 0 0
-3.66129 0 0
-3.66177 0 0
-3.66224 0 0
-3.66271 0 0
-3.66318 0 0
-3.66365 0 0
-3.66412 0 0
-3.66459 0 0
-3.66506 0 0
-3.66553 0 0
-3.666 0 0
-3.66647 0 0
-3.66694 0 0
-3.66741 0 0
-3.66787 0 0
-3.66834 0 0
-3.66881 0 0
-3.66927 0 0
-3.66974 0 0
-3.6702 0 0
-3.67066 0 0
-3.67113 0 0
-3.67159 0 0
-3.67205 0 0
-3.67251 0 0
-3.67297 0 0
-3.67344 0 0
-3.6739 0 0
-3.67436 0 0
-3.67482 0 0
-3.67527 0 0
-3.67573 0 0
-3.67619 0 0
-3.67665 0 0
-3.6771 0 0
-3.67756 0 0
-3.67802 0 0
-3.67847 0 0
-3.67893 0 0
-3.67938 0 0
-3.67984 0 0
-3.68029 0 0
-3.68074 0 0
-3.6812 0 0
-3.68165 0 0
-3.6821 0 0
-3.68255 0 0
-3.683 0 0
-3.68345 0 0
-3.6839 0 0
-3.68435 0 0
-3.6848 0 0
-3.68525 0 0
-3.6857 0 0
-3.68614 0 0
-3.68659 0 0
-3.68704 0 0
-3.68748 0 0
-3.68793 0 0
-3.68838 0 0
-3.68882 0 0
-3.68926 0 0
-3.68971 0 0
-3.69015 0 0
-3.69059 0 0
-3.69104 0 0
-3.69148 0 0
-3.69192 0 0
-3.69236 0 0
-3.6928 0 0
-3.69324 0 0
-3.69368 0 0
-3.69412 0 0
-3.69456 0 0
-3.695 0 0
-3.69544 0 0
-3.69588 0 0
-3.69631 0 0
-3.69675 0 0
-3.69719 0 0
-3.69762 0 0
-3.69806 0 0
-3.69849 0 0
-3.69893 0 0
-3.69936 0 0
-3.69979 0 0
-3.70023 0 0
-3.70066 0 0
-3.70109 0 0
-3.70152 0 0
-3.70196 0 0
-3.70239 0 0
-3.70282 0 0
-3.70325 0 0
-3.70368 0 0
-3.70411 0 0
-3.70454 0 0
-3.70497 0 0
-3.70539 0 0
-3.70582 0 0
-3.70625 0 0
-3.70668 0 0
-3.7071 0 0
-3.70753 0 0
-3.70795 0 0
-3.70838 0 0
-3.7088 0 0
-3.70923 0 0
-3.70965 0 0
-3.71008 0 0
-3.7105 0 0
-3.71092 0 0
-3.71134 0 0
-3.71177 0 0
-3.71219 0 0
-3.71261 0 0
-3.71303 0 0
-3.71345 0 0
-3.71387 0 0
-3.71429 0 0
-3.71471 0 0
-3.71513 0 0
-3.71554 0 0
-3.71596 0 0
-3.71638 0 0
-3.7168 0 0
-3.71721 0 0
-3.71763 0 0
-3.71804 0 0
-3.71846 0 0
-3.71888 0 0
-3.71929 0 0
-3.7197 0 0
-3.72012 0 0
-3.72053 0 0
-3.72094 0 0
-3.72136 0 0
-3.72177 0 0
-3.72218 0 0
-3.72259 0 0
-3.723 0 0
-3.72341 0 0
-3.72382 0 0
-3.72423 0 0
-3.72464 0 0
-3.72505 0 0
-3.72546 0 0
-3.72587 0 0
-3.72628 0 0
-3.72669 0 0
-3.72709 0 0
-3.7275 0 0
-3.72791 0 0
-3.72831 0 0
-3.72872 0 0
-3.72912 0 0
-3.72953 0 0
-3.72993 0 0
-3.73034 0 0
-3.73074 0 0
-3.73115 0 0
-3.73155 0 0
-3.73195 0 0
-3.73235 0 0
-3.73276 0 0
-3.73316 0 0
-3.73356 0 0
-3.73396 0 0
-3.73436 0 0
-3.73476 0 0
-3.73516 0 0
-3.73556 0 0
-3.73596 0 0
-3.73636 0 0
-3.73675 0 0
-3.73715 0 0
-3.73755 0 0
-3.73795 0 0
-3.73834 0 0
-3.73874 0 0
-3.73914 0 0
-3.73953 0 0
-3.73993 0 0
-3.74032 0 0
-3.74072 0 0
-3.74111 0 0
-3.74151 0 0
-3.7419 0 0
-3.74229 0 0
-3.74269 0 0
-3.74308 0 0
-3.74347 0 0
-3.74386 0 0
-3.74425 0 0
-3.74464 0 0
-3.74504 0 0
-3.74543 0 0
-3.74582 0 0
-3.74621 0 0
-3.7466 0 0
-3.74698 0 0
-3.74737 0 0
-3.74776 0 0
-3.74815 0 0
-3.74854 0 0
-3.74892 0 0
-3.74931 0 0
-3.7497 0 0
-3.75008 0 0
-3.75047 0 0
-3.75086 0 0
-3.75124 0 0
-3.75163 0 0
-3.75201 0 0
-3.75239 0 0
-3.75278 0 0
-3.75316 0 0
-3.75354 0 0
-3.75393 0 0
-3.75431 0 0
-3.75469 0 0
-3.75507 0 0
-3.75546 0 0
-3.75584 0 0
-3.75622 0 0
-3.7566 0 0
-3.75698 0 0
-3.75736 0 0
-3.75774 0 0
-3.75812 0 0
-3.7585 0 0
-3.75887 0 0
-3.75925 0 0
-3.75963 0 0
-3.76001 0 0
-3.76038 0 0
-3.76076 0 0
-3.76114 0 0
-3.76151 0 0
-3.76189 0 0
-3.76227 0 0
-3.76264 0 0
-3.76302 0 0
-3.76339 0 0
-3.76376 0 0
-3.76414 0 0
-3.76451 0 0
-3.76489 0 0
-3.76526 0 0
-3.76563 0 0
-3.766 0 0
-3.76638 0 0
-3.76675 0 0
-3.76712 0 0
-3.76749 0 0
-3.76786 0 0
-3.76823 0 0
-3.7686 0 0
-3.76897 0 0
-3.76934 0 0
-3.76971 0 0
-3.77008 0 0
-3.77045 0 0
-3.77082 0 0
-3.77118 0 0
-3.77155 0 0
-3.77192 0 0
-3.77229 0 0
-3.77265 0 0
-3.77302 0 0
-3.77338 0 0
-3.77375 0 0
-3.77412 0 0
-3.77448 0 0
-3.77485 0 0
-3.77521 0 0
-3.77557 0 0
-3.77594 0 0
-3.7763 0 0
-3.77666 0 0
-3.77703 0 0
-3.77739 0 0
-3.77775 0 0
-3.77812 0 0
-3.77848 0 0
-3.77884 0 0
-3.7792 0 0
-3.77956 0 0
-3.77992 0 0
-3.78028 0 0
-3.78064 0 0
-3.781 0 0
-3.78136 0 0
-3.78172 0 0
-3.78208 0 0
-3.78244 0 0
-3.7828 0 0
-3.78315 0 0
-3.78351 0 0
-3.78387 0 0
-3.78422 0 0
-3.78458 0 0
-3.78494 0 0
-3.78529 0 0
-3.78565 0 0
-3.78601 0 0
-3.78636 0 0
-3.78672 0 0
-3.78707 0 0
-3.78743 0 0
-3.78778 0 0
-3.78813 0 0
-3.78849 0 0
-3.78884 0 0
-3.78919 0 0
-3.78955 0 0
-3.7899 0 0
-3.79025 0 0
-3.7906 0 0
-3.79095 0 0
-3.7913 0 0
-3.79166 0 0
-3.79201 0 0
-3.79236 0 0
-3.79271 0 0
-3.79306 0 0
-3.79341 0 0
-3.79376 0 0
-3.7941 0 0
-3.79445 0 0
-3.7948 0 0
-3.79515 0 0
-3.7955 0 0
-3.79585 0 0
-3.79619 0 0
-3.79654 0 0
-3.79689 0 0
-3.79723 0 0
-3.79758 0 0
-3.79793 0 0
-3.79827 0 0
-3.79862 0 0
-3.79896 0 0
-3.79931 0 0
-3.79965 0 0
-3.79999 0 0
-3.80034 0 0
-3.80068 0 0
-3.80103 0 0
-3.80137 0 0
-3.80171 0 0
-3.80206 0 0
-3.8024 0 0
-3.80274 0 0
-3.80308 0 0
-3.80342 0 0
-3.80376 0 0
-3.80411 0 0
-3.80445 0 0
-3.80479 0 0
-3.80513 0 0
-3.80547 0 0
-3.80581 0 0
-3.80615 0 0
-3.80649 0 0
-3.80682 0 0
-3.80716 0 0
-3.8075 0 0
-3.80784 0 0
-3.80818 0 0
-3.80851 0 0
-3.80885 0 0
-3.80919 0 0
-3.80953 0 0
-3.80986 0 0
-3.8102 0 0
-3.81053 0 0
-3.81087 0 0
-3.81121 0 0
-3.81154 0 0
-3.81188 0 0
-3.81221 0 0
-3.81255 0 0
-3.81288 0 0
-3.81321 0 0
-3.81355 0 0
-3.81388 0 0
-3.81421 0 0
-3.81455 0 0
-3.81488 0 0
-3.81521 0 0
-3.81554 0 0
-3.81588 0 0
-3.81621 0 0
-3.81654 0 0
-3.81687 0 0
-3.8172 0 0
-3.81753 0 0
-3.81786 0 0
-3.81819 0 0
-3.81852 0 0
-3.81885 0 0
-3.81918 0 0
-3.81951 0 0
-3.81984 0 0
-3.82017 0 0
-3.8205 0 0
-3.82083 0 0
-3.82115 0 0
-3.82148 0 0
-3.82181 0 0
-3.82214 0 0
-3.82246 0 0
-3.82279 0 0
-3.82312 0 0
-3.82344 0 0
-3.82377 0 0
-3.82409 0 0
-3.82442 0 0
-3.82474 0 0
-3.82507 0 0
-3.82539 0 0
-3.82572 0 0
-3.82604 0 0
-3.82637 0 0
-3.82669 0 0
-3.82701 0 0
-3.82734 0 0
-3.82766 0 0
-3.82798 0 0
-3.82831 0 0
-3.82863 0 0
-3.82895 0 0
-3.82927 0 0
-3.82959 0 0
-3.82991 0 0
-3.83024 0 0
-3.83056 0 0
-3.83088 0 0
-3.8312 0 0
-3.83152 0 0
-3.83184 0 0
-3.83216 0 0
-3.83248 0 0
-3.8328 0 0
-3.83312 0 0
-3.83343 0 0
-3.83375 0 0
-3.83407 0 0
-3.83439 0 0
-3.83471 0 0
-3.83502 0 0
-3.83534 0 0
-3.83566 0 0
-3.83598 0 0
-3.83629 0 0
-3.83661 0 0
-3.83693 0 0
-3.83724 0 0
-3.83756 0 0
-3.83787 0 0
-3.83819 0 0
-3.8385 0 0
-3.83882 0 0
-3.83913 0 0
-3.83945 0 0
-3.83976 0 0
-3.84007 0 0
-3.84039 0 0
-3.8407 0 0
-3.84102 0 0
-3.84133 0 0
-3.84164 0 0
-3.84195 0 0
-3.84227 0 0
-3.84258 0 0
-3.84289 0 0
-3.8432 0 0
-3.84351 0 0
-3.84382 0 0
-3.84414 0 0
-3.84445 0 0
-3.84476 0 0
-3.84507 0 0
-3.84538 0 0
-3.84569 0 0
-3.846 0 0
-3.84631 0 0
-3.84662 0 0
-3.84692 0 0
-3.84723 0 0
-3.84754 0 0
-3.84785 0 0
-3.84816 0 0
-3.84847 0 0
-3.84877 0 0
-3.84908 0 0
-3.84939 0 0
-3.8497 0 0
-3.85 0 0
-3.85031 0 0
-3.85062 0 0
-3.85092 0 0
-3.85123 0 0
-3.85153 0 0
-3.85184 0 0
-3.85214 0 0
-3.85245 0 0
-3.85275 0 0
-3.85306 0 0
-3.85336 0 0
-3.85367 0 0
-3.85397 0 0
-3.85428 0 0
-3.85458 0 0
-3.85488 0 0
-3.85519 0 0
-3.85549 0 0
-3.85579 0 0
-3.85609 0 0
-3.8564 0 0
-3.8567 0 0
-3.857 0 0
-3.8573 0 0
-3.8576 0 0
-3.85791 0 0
-3.85821 0 0
-3.85851 0 0
-3.85881 0 0
-3.85911 0 0
-3.85941 0 0
-3.85971 0 0
-3.86001 0 0
-3.86031 0 0
-3.86061 0 0
-3.86091 0 0
-3.86121 0 0
-3.8615 0 0
-3.8618 0 0
-3.8621 0 0
-3.8624 0 0
-3.8627 0 0
-3.863 0 0
-3.86329 0 0
-3.86359 0 0
-3.86389 0 0
-3.86418 0 0
-3.86448 0 0
-3.86478 0 0
-3.86507 0 0
-3.86537 0 0
-3.86567 0 0
-3.86596 0 0
-3.86626 0 0
-3.86655 0 0
-3.86685 0 0
-3.86714 0 0
-3.86744 0 0
-3.86773 0 0
-3.86803 0 0
-3.86832 0 0
-3.86862 0 0
-3.86891 0 0
-3.8692 0 0
-3.8695 0 0
-3.86979 0 0
-3.87008 0 0
-3.87037 0 0
-3.87067 0 0
-3.87096 0 0
-3.87125 0 0
-3.87154 0 0
-3.87184 0 0
-3.87213 0 0
-3.87242 0 0
-3.87271 0 0
-3.873 0 0
-3.87329 0 0
-3.87358 0 0
-3.87387 0 0
-3.87416 0 0
-3.87445 0 0
-3.87474 0 0
-3.87503 0 0
-3.87532 0 0
-3.87561 0 0
-3.8759 0 0
-3.87619 0 0
-3.87648 0 0
-3.87677 0 0
-3.87705 0 0
-3.87734 0 0
-3.87763 0 0
-3.87792 0 0
-3.87821 0 0
-3.87849 0 0
-3.87878 0 0
-3.87907 0 0
-3.87935 0 0
-3.87964 0 0
-3.87993 0 0
-3.88021 0 0
-3.8805 0 0
-3.88079 0 0
-3.88107 0 0
-3.88136 0 0
-3.88164 0 0
-3.88193 0 0
-3.88221 0 0
-3.8825 0 0
-3.88278 0 0
-3.88306 0 0
-3.88335 0 0
-3.88363 0 0
-3.88392 0 0
-3.8842 0 0
-3.88448 0 0
-3.88477 0 0
-3.88505 0 0
-3.88533 0 0
-3.88562 0 0
-3.8859 0 0
-3.88618 0 0
-3.88646 0 0
-3.88674 0 0
-3.88703 0 0
-3.88731 0 0
-3.88759 0 0
-3.88787 0 0
-3.88815 0 0
-3.88843 0 0
-3.88871 0 0
-3.88899 0 0
-3.88927 0 0
-3.88955 0 0
-3.88983 0 0
-3.89011 0 0
-3.89039 0 0
-3.89067 0 0
-3.89095 0 0
-3.89123 0 0
-3.89151 0 0
-3.89179 0 0
-3.89207 0 0
-3.89235 0 0
-3.89262 0 0
-3.8929 0 0
-3.89318 0 0
-3.89346 0 0
-3.89373 0 0
-3.89401 0 0
-3.89429 0 0
-3.89457 0 0
-3.89484 0 0
-3.89512 0 0
-3.89539 0 0
-3.89567 0 0
-3.89595 0 0
-3.89622 0 0
-3.8965 0 0
-3.89677 0 0
-3.89705 0 0
-3.89732 0 0
-3.8976 0 0
-3.89787 0 0
-3.89815 0 0
-3.89842 0 0
-3.8987 0 0
-3.89897 0 0
-3.89925 0 0
-3.89952 0 0
-3.89979 0 0
-3.90007 0 0
-3.90034 0 0
-3.90061 0 0
-3.90089 0 0
-3.90116 0 0
-3.90143 0 0
-3.9017 0 0
-3.90198 0 0
-3.90225 0 0
-3.90252 0 0
-3.90279 0 0
-3.90306 0 0
-3.90333 0 0
-3.90361 0 0
-3.90388 0 0
-3.90415 0 0
-3.90442 0 0
-3.90469 0 0
-3.90496 0 0
-3.90523 0 0
-3.9055 0 0
-3.90577 0 0
-3.90604 0 0
-3.90631 0 0
-3.90658 0 0
-3.90685 0 0
-3.90712 0 0
-3.90738 0 0
-3.90765 0 0
-3.90792 0 0
-3.90819 0 0
-3.90846 0 0
-3.90873 0 0
-3.90899 0 0
-3.90926 0 0
-3.90953 0 0
-3.9098 0 0
-3.91006 0 0
-3.91033 0 0
-3.9106 0 0
-3.91086 0 0
-3.91113 0 0
-3.9114 0 0
-3.91166 0 0
-3.91193 0 0
-3.9122 0 0
-3.91246 0 0
-3.91273 0 0
-3.91299 0 0
-3.91326 0 0
-3.91352 0 0
-3.91379 0 0
-3.91405 0 0
-3.91432 0 0
-3.91458 0 0
-3.91485 0 0
-3.91511 0 0
-3.91537 0 0
-3.91564 0 0
-3.9159 0 0
-3.91616 0 0
-3.91643 0 0
-3.91669 0 0
-3.91695 0 0
-3.91722 0 0
-3.91748 0 0
-3.91774 0 0
-3.918 0 0
-3.91827 0 0
-3.91853 0 0
-3.91879 0 0
-3.91905 0 0
-3.91931 0 0
-3.91957 0 0
-3.91984 0 0
-3.9201 0 0
-3.92036 0 0
-3.92062 0 0
-3.92088 0 0
-3.92114 0 0
-3.9214 0 0
-3.92166 0 0
-3.92192 0 0
-3.92218 0 0
-3.92244 0 0
-3.9227 0 0
-3.92296 0 0
-3.92322 0 0
-3.92348 0 0
-3.92374 0 0
-3.92399 0 0
-3.92425 0 0
-3.92451 0 0
-3.92477 0 0
-3.92503 0 0
-3.92529 0 0
-3.92554 0 0
-3.9258 0 0
-3.92606 0 0
-3.92632 0 0
-3.92657 0 0
-3.92683 0 0
-3.92709 0 0
-3.92734 0 0
-3.9276 0 0
-3.92786 0 0
-3.92811 0 0
-3.92837 0 0
-3.92863 0 0
-3.92888 0 0
-3.92914 0 0
-3.92939 0 0
-3.92965 0 0
-3.9299 0 0
-3.93016 0 0
-3.93041 0 0
-3.93067 0 0
-3.93092 0 0
-3.93118 0 0
-3.93143 0 0
-3.93169 0 0
-3.93194 0 0
-3.93219 0 0
-3.93245 0 0
-3.9327 0 0
-3.93296 0 0
-3.93321 0 0
-3.93346 0 0
-3.93372 0 0
-3.93397 0 0
-3.93422 0 0
-3.93447 0 0
-3.93473 0 0
-3.93498 0 0
-3.93523 0 0
-3.93548 0 0
-3.93573 0 0
-3.93599 0 0
-3.93624 0 0
-3.93649 0 0
-3.93674 0 0
-3.93699 0 0
-3.93724 0 0
-3.93749 0 0
-3.93774 0 0
-3.93799 0 0
-3.93824 0 0
-3.93849 0 0
-3.93874 0 0
-3.93899 0 0
-3.93924 0 0
-3.93949 0 0
-3.93974 0 0
-3.93999 0 0
-3.94024 0 0
-3.94049 0 0
-3.94074 0 0
-3.94099 0 0
-3.94124 0 0
-3.94149 0 0
-3.94173 0 0
-3.94198 0 0
-3.94223 0 0
-3.94248 0 0
-3.94273 0 0
-3.94297 0 0
-3.94322 0 0
-3.94347 0 0
-3.94372 0 0
-3.94396 0 0
-3.94421 0 0
-3.94446 0 0
-3.9447 0 0
-3.94495 0 0
-3.9452 0 0
-3.94544 0 0
-3.94569 0 0
-3.94594 0 0
-3.94618 0 0
-3.94643 0 0
-3.94667 0 0
-3.94692 0 0
-3.94716 0 0
-3.94741 0 0
-3.94765 0 0
-3.9479 0 0
-3.94814 0 0
-3.94839 0 0
-3.94863 0 0
-3.94888 0 0
-3.94912 0 0
-3.94937 0 0
-3.94961 0 0
-3.94985 0 0
-3.9501 0 0
-3.95034 0 0
-3.95058 0 0
-3.95083 0 0
-3.95107 0 0
-3.95131 0 0
-3.95156 0 0
-3.9518 0 0
-3.95204 0 0
-3.95228 0 0
-3.95253 0 0
-3.95277 0 0
-3.95301 0 0
-3.95325 0 0
-3.95349 0 0
-3.95374 0 0
-3.95398 0 0
-3.95422 0 0
-3.95446 0 0
-3.9547 0 0
-3.95494 0 0
-3.95518 0 0
-3.95542 0 0
-3.95566 0 0
-3.9559 0 0
-3.95614 0 0
-3.95638 0 0
-3.95662 0 0
-3.95686 0 0
-3.9571 0 0
-3.95734 0 0
-3.95758 0 0
-3.95782 0 0
-3.95806 0 0
-3.9583 0 0
-3.95854 0 0
-3.95878 0 0
-3.95902 0 0
-3.95926 0 0
-3.95949 0 0
-3.95973 0 0
-3.95997 0 0
-3.96021 0 0
-3.96045 0 0
-3.96068 0 0
-3.96092 0 0
-3.96116 0 0
-3.9614 0 0
-3.96163 0 0
-3.96187 0 0
-3.96211 0 0
-3.96235 0 0
-3.96258 0 0
-3.96282 0 0
-3.96306 0 0
-3.96329 0 0
-3.96353 0 0
-3.96376 0 0
-3.964 0 0
-3.96424 0 0
-3.96447 0 0
-3.96471 0 0
-3.96494 0 0
-3.96518 0 0
-3.96541 0 0
-3.96565 0 0
-3.96588 0 0
-3.96612 0 0
-3.96635 0 0
-3.96659 0 0
-3.96682 0 0
-3.96706 0 0
-3.96729 0 0
-3.96752 0 0
-3.96776 0 0
-3.96799 0 0
-3.96823 0 0
-3.96846 0 0
-3.96869 0 0
-3.96893 0 0
-3.96916 0 0
-3.96939 0 0
-3.96963 0 0
-3.96986 0 0
-3.97009 0 0
-3.97032 0 0
-3.97056 0 0
-3.97079 0 0
-3.97102 0 0
-3.97125 0 0
-3.97148 0 0
-3.97172 0 0
-3.97195 0 0
-3.97218 0 0
-3.97241 0 0
-3.97264 0 0
-3.97287 0 0
-3.9731 0 0
-3.97334 0 0
-3.97357 0 0
-3.9738 0 0
-3.97403 0 0
-3.97426 0 0
-3.97449 0 0
-3.97472 0 0
-3.97495 0 0
-3.97518 0 0
-3.97541 0 0
-3.97564 0 0
-3.97587 0 0
-3.9761 0 0
-3.97633 0 0
-3.97656 0 0
-3.97679 0 0
-3.97701 0 0
-3.97724 0 0
-3.97747 0 0
-3.9777 0 0
-3.97793 0 0
-3.97816 0 0
-3.97839 0 0
-3.97861 0 0
-3.97884 0 0
-3.97907 0 0
-3.9793 0 0
-3.97953 0 0
-3.97975 0 0
-3.97998 0 0
-3.98021 0 0
-3.98044 0 0
-3.98066 0 0
-3.98089 0 0
-3.98112 0 0
-3.98134 0 0
-3.98157 0 0
-3.9818 0 0
-3.98202 0 0
-3.98225 0 0
-3.98247 0 0
-3.9827 0 0
-3.98293 0 0
-3.98315 0 0
-3.98338 0 0
-3.9836 0 0
-3.98383 0 0
-3.98405 0 0
-3.98428 0 0
-3.9845 0 0
-3.98473 0 0
-3.98495 0 0
-3.98518 0 0
-3.9854 0 0
-3.98563 0 0
-3.98585 0 0
-3.98608 0 0
-3.9863 0 0
-3.98653 0 0
-3.98675 0 0
-3.98697 0 0
-3.9872 0 0
-3.98742 0 0
-3.98764 0 0
-3.98787 0 0
-3.98809 0 0
-3.98831 0 0
-3.98854 0 0
-3.98876 0 0
-3.98898 0 0
-3.98921 0 0
-3.98943 0 0
-3.98965 0 0
-3.98987 0 0
-3.99009 0 0
-3.99032 0 0
-3.99054 0 0
-3.99076 0 0
-3.99098 0 0
-3.9912 0 0
-3.99143 0 0
-3.99165 0 0
-3.99187 0 0
-3.99209 0 0
-3.99231 0 0
-3.99253 0 0
-3.99275 0 0
-3.99297 0 0
-3.99319 0 0
-3.99341 0 0
-3.99363 0 0
-3.99385 0 0
-3.99408 0 0
-3.9943 0 0
-3.99452 0 0
-3.99473 0 0
-3.99495 0 0
-3.99517 0 0
-3.99539 0 0
-3.99561 0 0
-3.99583 0 0
-3.99605 0 0
-3.99627 0 0
-3.99649 0 0
-3.99671 0 0
-3.99693 0 0
-3.99715 0 0
-3.99736 0 0
-3.99758 0 0
-3.9978 0 0
-3.99802 0 0
-3.99824 0 0
-3.99846 0 0
-3.99867 0 0
-3.99889 0 0
-3.99911 0 0
-3.99933 0 0
-3.99954 0 0
-3.99976 0 0
